Figure 8.3 test case

n = 3
m = 3
values = [[4, 12, 5], [7, 10, 9], [7, 7, 10]]

Market equilibrium (p,M)
p: [3, 0, 2]
M: [1, 0, 2]
----------------------------
Self-generated test case 1
n = 6
m = 6
values = [[1, 5, 2, 8, 7, 3],
          [1, 3, 8, 9, 5, 6],
          [1, 7, 6, 5, 4, 3],
          [1, 7, 4, 3, 7, 1],
          [7, 6, 3, 3, 2, 5],
          [1, 8, 7, 3, 1, 5]]

Market equilibrium (p,M)
p: [3, 2, 3, 2, 0, 0]
M: [3, 2, 1, 4, 0, 5]
----------------------------
Self-generated test case 2

n = 8
m = 8
values = [[2, 9, 4, 5, 9, 4, 6, 5],
          [9, 4, 1, 8, 6, 6, 3, 3],
          [4, 1, 8, 1, 4, 8, 9, 5],
          [3, 4, 5, 5, 7, 7, 6, 7],
          [4, 1, 2, 8, 3, 7, 5, 9],
          [3, 9, 5, 4, 5, 8, 3, 6],
          [4, 6, 8, 9, 6, 4, 8, 6],
          [8, 2, 7, 2, 3, 9, 7, 5]]

Market equilibrium (p,M)
p: [3, 2, 3, 2, 0, 0]
M: [3, 2, 1, 4, 0, 5]
----------------------------
Self-generated test case 3
n = 10
m = 10
values = [[9, 3, 5, 1, 5, 6, 3, 5, 1, 6],
     [5, 9, 7, 9, 5, 3, 3, 5, 8, 1],
     [3, 6, 6, 8, 6, 3, 7, 6, 1, 8],
     [3, 8, 7, 3, 8, 2, 2, 4, 6, 3],
     [1, 6, 9, 5, 9, 3, 6, 6, 3, 7],
     [9, 4, 8, 5, 4, 5, 2, 9, 6, 2],
     [1, 1, 4, 5, 2, 5, 2, 7, 3, 1],
     [8, 4, 7, 8, 1, 6, 4, 3, 1, 3],
     [2, 6, 6, 8, 8, 9, 8, 7, 2, 4],
     [8, 5, 1, 9, 5, 6, 8, 8, 1, 5]]

Market equilibrium (p,M)
p: [2, 0, 0, 1, 1, 1, 2, 1, 0, 0]
M: [0, 8, 9, 1, 4, 2, 7, 3, 5, 6]
