Figure 8.3 test case

n = 3
m = 3
values = [[4, 12, 5], [7, 10, 9], [7, 7, 10]]

VCG mechanism (p,M)
p: [3, 0, 2]
M: [1, 0, 2]

----------------------------
Self-generated test case 1

n = 5
m = 5
values = [[1, 6, 5, 9, 2],
            [5, 8, 7, 6, 3],
            [9, 4, 3, 7, 8],
            [9, 4, 6, 8, 7],
            [3, 9, 6, 1, 2]]

VCG mechanism (p,M)
p: [0, 0, 0, 1, 1]
M: [3, 2, 4, 0, 1]
----------------------------
Self-generated test case 2
n = 8
m = 8
values = [[4, 6, 14, 8, 12, 9, 10, 11],
            [7, 13, 14, 8, 11, 9, 10, 4],
            [10, 5, 2, 1, 7, 6, 9, 4],
            [8, 11, 5, 9, 12, 1, 10, 3],
            [1, 13, 6, 11, 12, 7, 14, 5],
            [1, 10, 13, 11, 4, 9, 6, 8],
            [4, 6, 10, 12, 11, 1, 9, 13],
            [8, 13, 2, 14, 6, 12, 1, 5]]

VCG mechanism (p,M)
p: [4, 1, 0, 2, 0, 2, 1, 0]
M: [2, 1, 0, 4, 6, 3, 7, 5]
----------------------------
Self-generated test case 3
n = 6
m = 4
values = [[4, 4, 4, 6],
          [8, 3, 6, 9],
          [2, 7, 4, 1],
          [8, 4, 7, 4],
          [6, 7, 7, 7],
          [3, 4, 4, 4]]

VCG mechanism (p,M)
p: [1, 1, 1, 1, 1, 0, 0, 0]
M: [6, 0, 4, 5, 1, 7, 2, 3]
