Example 1:
rider # 0 (1, 7) (21, 33) 46
rider # 1 (36, 43) (23, 15) 41
rider # 2 (86, 91) (84, 74) 19
rider # 3 (28, 42) (65, 68) 63
rider # 4 (37, 83) (20, 38) 62
drivers: {(1, 22), (38, 74), (2, 43), (69, 57), (30, 74)}
Graph:
{
    "((1, 7), (1, 22))": 39,
    "((1, 7), (38, 74))": 0,
    "((1, 7), (2, 43))": 17,
    "((1, 7), (69, 57))": 0,
    "((1, 7), (30, 74))": 0,
    "((1, 22), (36, 43))": 3,
    "((1, 22), (86, 91))": 0,
    "((1, 22), (28, 42))": 0,
    "((1, 22), (37, 83))": 0,
    "((38, 74), (36, 43))": 26,
    "((38, 74), (86, 91))": 16,
    "((38, 74), (28, 42))": 0,
    "((38, 74), (37, 83))": 28,
    "((2, 43), (36, 43))": 25,
    "((2, 43), (86, 91))": 0,
    "((2, 43), (28, 42))": 10,
    "((2, 43), (37, 83))": 0,
    "((69, 57), (36, 43))": 12,
    "((69, 57), (86, 91))": 30,
    "((69, 57), (28, 42))": 0,
    "((69, 57), (37, 83))": 0,
    "((30, 74), (36, 43))": 22,
    "((30, 74), (86, 91))": 8,
    "((30, 74), (28, 42))": 3,
    "((30, 74), (37, 83))": 22
}
allocation: {((1, 7), (1, 22)): [39, 0], ((36, 43), (30, 74)): [22, 0], ((86, 91), (69, 57)): [30, 0], 
((28, 42), (2, 43)): [7, 3], ((37, 83), (38, 74)): [24, 4]}
match results:
((1, 7), (1, 22)) 39
((86, 91), (69, 57)) 30
((28, 42), (2, 43)) 7
((37, 83), (38, 74)) 24
((30, 74), (36, 43)) 22
------------------------------------
Example 2:
rider # 0 (49, 3) (30, 33) 49
rider # 1 (10, 17) (45, 9) 43
rider # 2 (65, 92) (93, 42) 78
rider # 3 (90, 56) (73, 42) 31
rider # 4 (83, 48) (73, 49) 11
drivers: {(8, 23), (25, 56), (72, 63), (22, 6), (91, 86)}
Graph:
{
    "((49, 3), (8, 23))": -10,
    "((49, 3), (25, 56))": -26,
    "((49, 3), (72, 63))": -32,
    "((49, 3), (22, 6))": 21,
    "((49, 3), (91, 86))": -74,
    "((8, 23), (10, 17))": 49,
    "((8, 23), (65, 92))": -104,
    "((8, 23), (90, 56))": -46,
    "((8, 23), (83, 48))": -11,
    "((25, 56), (10, 17))": 3,
    "((25, 56), (65, 92))": -54,
    "((25, 56), (90, 56))": 4,
    "((25, 56), (83, 48))": 23,
    "((72, 63), (10, 17))": -51,
    "((72, 63), (65, 92))": -14,
    "((72, 63), (90, 56))": 44,
    "((72, 63), (83, 48))": 63,
    "((22, 6), (10, 17))": 34,
    "((22, 6), (65, 92))": -107,
    "((22, 6), (90, 56))": -49,
    "((22, 6), (83, 48))": -14,
    "((91, 86), (10, 17))": -93,
    "((91, 86), (65, 92))": -10,
    "((91, 86), (90, 56))": 38,
    "((91, 86), (83, 48))": 43
}
allocation: {((49, 3), (22, 6)): [21, 0], ((10, 17), (8, 23)): [49, 0], ((65, 92), (91, 86)): [-44, 34], ((90, 56), (25, 56)): [4, 0], ((83, 48), (72, 63)): [23, 40]}
match results:
((49, 3), (22, 6)) 21
((10, 17), (8, 23)) 49
((65, 92), (91, 86)) -44
((25, 56), (90, 56)) 4
((72, 63), (83, 48)) 23